0 0.420701 0.697865 0.002617 0.003906
0 0.175777 0.626159 0.002659 0.003755
0 0.473663 0.697858 0.002649 0.003864
0 0.840710 0.099566 0.002256 0.004071
0 0.491319 0.647903 0.002623 0.003781
0 0.491334 0.672871 0.002646 0.003861
0 0.509003 0.822663 0.002672 0.003796
0 0.526668 0.797702 0.002658 0.003769
0 0.491313 0.722791 0.002585 0.003848
0 0.508997 0.672859 0.002671 0.003856
0 0.840698 0.055168 0.002242 0.004428
0 0.508996 0.722786 0.002700 0.003834
0 0.936032 0.777902 0.003327 0.003438
0 0.650358 0.248320 0.002553 0.003795
0 0.597318 0.248320 0.002557 0.003779
0 0.508994 0.772723 0.002644 0.003797
0 0.456022 0.772763 0.002654 0.003828
0 0.526673 0.772757 0.002627 0.003799
0 0.403022 0.473083 0.001835 0.002594
0 0.349989 0.473110 0.001900 0.002627
0 0.175805 0.601647 0.002678 0.003782
0 0.526669 0.672873 0.002633 0.003781
0 0.526673 0.822663 0.002662 0.003794
0 0.244022 0.797693 0.001833 0.002607
0 0.935445 0.842110 0.002046 0.003947
0 0.456008 0.747754 0.002678 0.003771
0 0.840696 0.084828 0.002249 0.004128
0 0.491348 0.797681 0.001829 0.002595
0 0.473674 0.672847 0.001844 0.002637
0 0.526684 0.747748 0.002659 0.003729
0 0.350018 0.423693 0.001901 0.003682
0 0.456038 0.373199 0.001852 0.002617
0 0.314705 0.273842 0.001918 0.003611
0 0.840699 0.040224 0.002242 0.004116
0 0.491299 0.847703 0.002544 0.003962
0 0.403028 0.772729 0.001856 0.002576
0 0.420700 0.772736 0.001824 0.002593
0 0.456045 0.822680 0.002647 0.003794
0 0.385374 0.473082 0.001841 0.002610
0 0.261725 0.622912 0.001818 0.002666
0 0.403028 0.622909 0.001858 0.002686
0 0.332372 0.622906 0.001877 0.002700
0 0.314605 0.797678 0.001900 0.002595
0 0.491347 0.373185 0.001815 0.002615
0 0.473670 0.647887 0.001832 0.002667
0 0.420705 0.747757 0.001834 0.002635
0 0.420694 0.647877 0.001799 0.002674
0 0.314684 0.448122 0.001870 0.002610
0 0.332368 0.847610 0.001857 0.002575
0 0.473666 0.747773 0.001844 0.002592
0 0.403016 0.448137 0.001829 0.002548
0 0.403016 0.847635 0.001841 0.002577
0 0.473693 0.622916 0.001871 0.002666
0 0.191056 0.747759 0.001863 0.002621
0 0.314700 0.423152 0.001899 0.002603
0 0.349997 0.448120 0.001873 0.002601
0 0.579679 0.348240 0.001832 0.002657
0 0.403020 0.423156 0.001852 0.002607
0 0.473689 0.572935 0.001885 0.002595
0 0.332374 0.473087 0.001884 0.002574
0 0.332369 0.423148 0.001853 0.002616
0 0.403045 0.248351 0.001868 0.002591
0 0.385410 0.622916 0.001871 0.002666
0 0.226376 0.622909 0.001873 0.002674
0 0.420707 0.523008 0.001822 0.002603
0 0.456055 0.572930 0.001930 0.002617
0 0.544351 0.348224 0.001883 0.002634
0 0.420702 0.248343 0.001860 0.002580
0 0.420724 0.622916 0.001865 0.002683
0 0.491350 0.248339 0.001835 0.002566
0 0.632672 0.373195 0.001817 0.002605
0 0.385380 0.423154 0.001850 0.002588
0 0.385388 0.273831 0.001861 0.003610
0 0.438349 0.847633 0.001879 0.002592
0 0.508999 0.348237 0.001844 0.002656
0 0.438342 0.747761 0.001866 0.002602
0 0.922259 0.477659 0.001780 0.003180
0 0.632672 0.348237 0.001807 0.002625
0 0.491346 0.548008 0.001813 0.002603
0 0.456010 0.847630 0.001848 0.002550
0 0.403030 0.523011 0.001841 0.002610
0 0.367695 0.847627 0.001840 0.002578
0 0.438087 0.647878 0.002378 0.002764
0 0.508982 0.373196 0.001850 0.002638
0 0.403035 0.672850 0.001836 0.002632
0 0.456020 0.672849 0.001853 0.002657
0 0.473684 0.273310 0.001850 0.002559
0 0.279366 0.822670 0.001841 0.002604
0 0.526689 0.348240 0.001861 0.002651
0 0.455999 0.647872 0.001820 0.002639
0 0.817437 0.034720 0.001514 0.003315
0 0.261725 0.822670 0.001840 0.002599
0 0.817442 0.094199 0.001495 0.003140
0 0.438352 0.772731 0.001879 0.002622
0 0.226375 0.672842 0.001861 0.002648
0 0.840697 0.030217 0.002251 0.004087
0 0.526682 0.273311 0.001881 0.002572
0 0.693930 0.038954 0.001531 0.003103
0 0.508997 0.647885 0.002607 0.003809
0 0.244000 0.622903 0.001982 0.002674
0 0.579686 0.323275 0.001835 0.002625
0 0.661339 0.038936 0.001509 0.003082
0 0.562009 0.323289 0.001855 0.002614
0 0.579692 0.373171 0.001812 0.002630
0 0.526685 0.572926 0.001902 0.002635
0 0.926108 0.900376 0.002337 0.002687
0 0.509016 0.847736 0.002629 0.003994
0 0.835796 0.089176 0.001837 0.003203
0 0.953895 0.900589 0.002224 0.003104
0 0.615006 0.323327 0.001845 0.002520
0 0.526686 0.323265 0.001892 0.002603
0 0.526686 0.648612 0.002524 0.002290
0 0.261732 0.772731 0.001861 0.002594
0 0.817428 0.084177 0.001569 0.003609
0 0.099541 0.534001 0.003544 0.002793
0 0.632669 0.323298 0.001830 0.002584
0 0.367709 0.472893 0.001823 0.002201
0 0.226358 0.598415 0.001879 0.003709
0 0.297016 0.598393 0.001889 0.003752
0 0.834020 0.084023 0.001355 0.002497
0 0.323249 0.049664 0.001887 0.004367
0 0.333979 0.772636 0.001777 0.002627
0 0.420687 0.416268 0.001847 0.001465
0 0.244006 0.772754 0.001930 0.002581
0 0.509003 0.323275 0.001859 0.002613
0 0.352866 0.049651 0.002134 0.004402
0 0.817420 0.054572 0.001552 0.003456
0 0.667995 0.548003 0.001851 0.002626
0 0.297030 0.472882 0.001872 0.002222
0 0.509000 0.273299 0.001855 0.002554
0 0.835776 0.079343 0.001791 0.003226
0 0.911190 0.825107 0.002037 0.003907
0 0.926096 0.819455 0.001695 0.003835
0 0.948582 0.819475 0.002020 0.003932
0 0.526684 0.298272 0.001891 0.002558
0 0.936837 0.836435 0.002522 0.003820
0 0.087686 0.099189 0.002045 0.004111
0 0.597352 0.548002 0.001841 0.002629
0 0.414573 0.812889 0.001714 0.001738
0 0.473694 0.523020 0.001877 0.002599
0 0.562022 0.473054 0.001863 0.002563
0 0.491346 0.523029 0.001820 0.002592
0 0.509012 0.548006 0.001859 0.002616
0 0.203867 0.126636 0.001993 0.002725
0 0.632671 0.548014 0.001830 0.002624
0 0.438348 0.248344 0.001845 0.002576
0 0.297041 0.647871 0.001823 0.002663
0 0.099555 0.880573 0.003533 0.002698
0 0.526692 0.448141 0.001895 0.002624
0 0.562005 0.373182 0.001886 0.002611
0 0.445410 0.498046 0.002559 0.002608
0 0.834043 0.034381 0.001367 0.002268
0 0.817432 0.049304 0.001532 0.003667
0 0.526691 0.473082 0.001885 0.002628
0 0.420719 0.498081 0.001858 0.002599
0 0.703326 0.473074 0.001825 0.002578
0 0.190095 0.792122 0.002134 0.004208
0 0.764067 0.024946 0.003885 0.005609
0 0.834052 0.055104 0.001472 0.004160
0 0.579699 0.548007 0.001834 0.002621
0 0.834034 0.093954 0.001373 0.002646
0 0.667986 0.472885 0.001828 0.002217
0 0.367717 0.273289 0.001864 0.002569
0 0.561862 0.297918 0.001583 0.001886
0 0.367720 0.323268 0.001864 0.002577
0 0.456024 0.248331 0.001835 0.002563
0 0.668057 0.033882 0.001483 0.003130
0 0.314524 0.772722 0.001818 0.002627
0 0.807293 0.054676 0.002840 0.004637
0 0.685658 0.348238 0.001811 0.002677
0 0.314503 0.647888 0.001700 0.002640
0 0.632674 0.448147 0.001828 0.002592
0 0.581182 0.478385 0.001586 0.004042
0 0.668001 0.622924 0.001852 0.002648
0 0.099549 0.356104 0.003572 0.002796
0 0.441265 0.416260 0.001856 0.001426
0 0.835792 0.029646 0.001865 0.003359
0 0.367718 0.572939 0.001837 0.002619
0 0.666015 0.038930 0.001968 0.003134
0 0.099551 0.267177 0.003571 0.002797
0 0.932122 0.819417 0.002036 0.003781
0 0.454708 0.454081 0.001673 0.003133
0 0.390189 0.616623 0.001914 0.003645
0 0.403027 0.323271 0.001839 0.002572
0 0.203910 0.631892 0.002575 0.002844
0 0.099553 0.231244 0.003542 0.002698
0 0.615008 0.548014 0.001840 0.002625
0 0.333241 0.062598 0.001951 0.002565
0 0.614879 0.397854 0.001580 0.001906
0 0.238444 0.119475 0.002003 0.002479
0 0.099553 0.580926 0.003563 0.002781
0 0.835788 0.099105 0.001836 0.003008
0 0.093235 0.540395 0.003522 0.002690
0 0.753945 0.048817 0.001753 0.003133
0 0.332373 0.298285 0.001850 0.002564
0 0.662616 0.028975 0.001550 0.003160
0 0.420699 0.273293 0.001832 0.002518
0 0.703326 0.323294 0.001833 0.002546
0 0.336011 0.048781 0.002009 0.002627
0 0.332382 0.347722 0.001867 0.003676
0 0.588436 0.511418 0.002205 0.004055
0 0.456031 0.523024 0.001851 0.002586
0 0.099548 0.680763 0.003569 0.002792
0 0.350029 0.273314 0.001863 0.002549
0 0.420699 0.472883 0.001850 0.002221
0 0.473703 0.497977 0.001859 0.002672
0 0.597733 0.472518 0.001047 0.001712
0 0.279366 0.323262 0.001844 0.002585
0 0.226551 0.647863 0.001517 0.002678
0 0.281395 0.310552 0.001812 0.002137
0 0.175831 0.818943 0.002595 0.003843
0 0.725986 0.043879 0.001570 0.003095
0 0.835832 0.049306 0.001843 0.003540
0 0.195774 0.794234 0.002266 0.001791
0 0.851231 0.146224 0.001486 0.003103
0 0.566003 0.425818 0.002218 0.003346
0 0.597354 0.298289 0.001844 0.002577
0 0.099547 0.780596 0.003568 0.002793
0 0.332394 0.822684 0.001881 0.002619
0 0.935172 0.901481 0.002641 0.005068
0 0.597362 0.448126 0.001832 0.002596
0 0.835818 0.059747 0.001903 0.003412
0 0.614827 0.373237 0.001530 0.002529
0 0.579686 0.448150 0.001818 0.002595
0 0.650339 0.423249 0.001797 0.002377
0 0.693583 0.118262 0.001670 0.003293
0 0.677380 0.053835 0.001655 0.003017
0 0.421834 0.323586 0.002699 0.002050
0 0.358961 0.055629 0.002019 0.002446
0 0.682364 0.048795 0.001430 0.003020
0 0.597359 0.523023 0.001839 0.002589
0 0.438372 0.572922 0.001813 0.002626
0 0.095741 0.126874 0.001923 0.002643
0 0.286568 0.467209 0.002416 0.003846
0 0.490263 0.104559 0.002473 0.004283
0 0.526677 0.622923 0.001908 0.002649
0 0.650343 0.622931 0.001786 0.002668
0 0.561990 0.423046 0.001938 0.002342
0 0.928023 0.853412 0.001773 0.003789
0 0.939738 0.187584 0.001998 0.004455
0 0.544372 0.448111 0.001874 0.002567
0 0.827924 0.094170 0.001530 0.003136
0 0.746325 0.038941 0.001695 0.003201
0 0.579670 0.498013 0.001825 0.002466
0 0.099529 0.558902 0.003580 0.002660
0 0.956974 0.727614 0.001939 0.002992
0 0.932504 0.830259 0.001563 0.002747
0 0.968132 0.819488 0.001983 0.003983
0 0.705182 0.118253 0.001555 0.003093
0 0.473697 0.323277 0.001828 0.002600
0 0.209318 0.613709 0.001115 0.001584
0 0.805259 0.141274 0.001944 0.003115
0 0.473687 0.298278 0.001854 0.002564
0 0.815671 0.088957 0.001469 0.004001
0 0.491345 0.423344 0.001834 0.002213
0 0.544371 0.498041 0.001807 0.002545
0 0.403029 0.273311 0.001836 0.002529
0 0.672416 0.053864 0.001653 0.003209
0 0.693731 0.048852 0.001655 0.003264
0 0.679371 0.029002 0.001760 0.003217
0 0.212065 0.120422 0.002078 0.004392
0 0.281605 0.647030 0.003051 0.003180
0 0.099528 0.805589 0.003573 0.002704
0 0.962467 0.836442 0.002427 0.003773
0 0.197794 0.126487 0.001988 0.002320
0 0.420696 0.298411 0.001814 0.002861
0 0.099554 0.456057 0.003542 0.002721
0 0.577841 0.386759 0.002285 0.003453
0 0.420820 0.813002 0.001611 0.001489
0 0.473677 0.473070 0.001832 0.002590
0 0.787989 0.146237 0.001505 0.003088
0 0.526691 0.398175 0.001880 0.002560
0 0.489616 0.415479 0.001964 0.001621
0 0.685665 0.298265 0.001811 0.002549
0 0.089355 0.198125 0.001949 0.004989
0 0.597344 0.597923 0.001848 0.002571
0 0.631333 0.415475 0.001247 0.001599
0 0.403021 0.298277 0.001826 0.002548
0 0.562009 0.572934 0.001857 0.002623
0 0.678190 0.038960 0.002041 0.003077
0 0.664437 0.053843 0.001517 0.003001
0 0.633733 0.304178 0.002673 0.002515
0 0.777445 0.103781 0.001533 0.003893
0 0.858499 0.141278 0.001339 0.003105
0 0.561998 0.398179 0.001905 0.002574
0 0.465774 0.334909 0.002001 0.001533
0 0.349839 0.063462 0.002463 0.004339
0 0.074488 0.127764 0.002376 0.004432
0 0.431011 0.949147 0.001920 0.001454
0 0.936047 0.706814 0.002123 0.003307
0 0.182337 0.120397 0.001863 0.004374
0 0.705498 0.038924 0.002122 0.003091
0 0.632692 0.472904 0.001878 0.002179
0 0.654595 0.022296 0.001984 0.003826
0 0.697759 0.048804 0.001720 0.003144
0 0.099536 0.334185 0.003581 0.002717
0 0.413705 0.950365 0.003419 0.003871
0 0.709062 0.058791 0.001454 0.003026
0 0.535658 0.425924 0.001598 0.003625
0 0.751790 0.108273 0.001505 0.003121
0 0.276644 0.292371 0.001213 0.001605
0 0.467742 0.110701 0.001959 0.002693
0 0.768069 0.134662 0.001913 0.003803
0 0.748509 0.138039 0.001559 0.003064
0 0.579682 0.423167 0.001802 0.002439
0 0.798793 0.146200 0.001582 0.003108
0 0.386551 0.649371 0.002608 0.005026
0 0.701718 0.315019 0.001688 0.001628
0 0.467713 0.949156 0.002024 0.001469
0 0.430877 0.610864 0.001857 0.001435
0 0.701928 0.415480 0.001299 0.001586
0 0.815678 0.079023 0.001439 0.003859
0 0.282402 0.355024 0.003504 0.003903
0 0.913017 0.836392 0.001749 0.003823
0 0.908833 0.891714 0.001462 0.003210
0 0.577932 0.537725 0.001931 0.002601
0 0.712646 0.063691 0.001512 0.003056
0 0.558419 0.414729 0.001894 0.001862
0 0.959238 0.819470 0.002004 0.003951
0 0.684950 0.118194 0.001589 0.003008
0 0.407521 0.811346 0.002940 0.004731
0 0.387627 0.815542 0.001966 0.003706
0 0.909340 0.640138 0.002126 0.003130
0 0.387766 0.821652 0.001753 0.002355
0 0.936098 0.041656 0.001435 0.002572
0 0.918252 0.600955 0.001225 0.002609
0 0.684057 0.415428 0.001754 0.001693
0 0.507282 0.537053 0.001911 0.003790
0 0.929384 0.951858 0.001141 0.002603
0 0.597360 0.423165 0.001828 0.002426
0 0.508980 0.497671 0.001813 0.001777
0 0.087697 0.043086 0.002028 0.003023
0 0.481005 0.110507 0.002030 0.002406
0 0.699506 0.058794 0.001912 0.003158
0 0.299042 0.281994 0.001734 0.001622
0 0.367704 0.347712 0.001884 0.003709
0 0.659725 0.033899 0.001489 0.003170
0 0.930680 0.824309 0.001568 0.002270
0 0.958540 0.830774 0.002027 0.003951
0 0.544381 0.398239 0.001822 0.002458
0 0.815669 0.029439 0.001521 0.004025
0 0.954293 0.607362 0.001984 0.003903
0 0.445456 0.454124 0.002637 0.003017
0 0.297052 0.298296 0.001809 0.002622
0 0.387549 0.493039 0.001840 0.003712
0 0.554689 0.479657 0.002246 0.003097
0 0.350022 0.298285 0.001863 0.002583
0 0.826598 0.146223 0.001444 0.003055
0 0.777445 0.088921 0.001499 0.003968
0 0.950704 0.951877 0.001159 0.002617
0 0.099529 0.605921 0.003590 0.002696
0 0.401798 0.762709 0.001891 0.002145
0 0.530518 0.500884 0.002361 0.003688
0 0.648820 0.415468 0.001539 0.001640
0 0.466326 0.345682 0.002074 0.002304
0 0.446337 0.812859 0.001072 0.001800
0 0.815670 0.039501 0.001435 0.003796
0 0.779113 0.099072 0.001354 0.003128
0 0.630909 0.536283 0.001820 0.002202
0 0.946450 0.045487 0.001692 0.002760
0 0.523738 0.634305 0.001267 0.003092
0 0.669948 0.063712 0.001858 0.003078
0 0.099571 0.209284 0.003551 0.002764
0 0.686172 0.073650 0.001490 0.003058
0 0.099538 0.434019 0.003585 0.002707
0 0.662619 0.048792 0.001537 0.003049
0 0.667981 0.058762 0.002099 0.003098
0 0.421163 0.447443 0.001589 0.002680
0 0.616006 0.388052 0.000906 0.001531
0 0.099531 0.858512 0.003583 0.002720
0 0.401231 0.266703 0.002140 0.001885
0 0.966246 0.946414 0.003709 0.005243
0 0.892062 0.841548 0.003561 0.005034
0 0.150223 0.317219 0.003709 0.005243